Initial matrix: 
032 | 000 | 070 | 
000 | 076 | 900 | 
000 | 100 | 600 | 
----------------- 
590 | 400 | 000 | 
070 | 000 | 080 | 
000 | 007 | 054 | 
----------------- 
001 | 005 | 000 | 
004 | 930 | 000 | 
050 | 000 | 290 | 
----------------- 
Difficulty metric: 
14
Solution matrix: 
632 | 589 | 471 | 
145 | 376 | 928 | 
789 | 124 | 635 | 
----------------- 
593 | 418 | 762 | 
476 | 253 | 189 | 
218 | 697 | 354 | 
----------------- 
921 | 765 | 843 | 
864 | 932 | 517 | 
357 | 841 | 296 | 
----------------- 
