Initial matrix: 
100 | 009 | 008 | 
000 | 510 | 706 | 
473 | 800 | 015 | 
----------------- 
000 | 100 | 060 | 
002 | 000 | 500 | 
010 | 005 | 000 | 
----------------- 
760 | 003 | 482 | 
208 | 047 | 000 | 
500 | 200 | 007 | 
----------------- 
Difficulty metric: 
8
Solution matrix: 
156 | 739 | 248 | 
829 | 514 | 736 | 
473 | 826 | 915 | 
----------------- 
985 | 172 | 364 | 
642 | 398 | 571 | 
317 | 465 | 829 | 
----------------- 
761 | 953 | 482 | 
298 | 647 | 153 | 
534 | 281 | 697 | 
----------------- 
