Initial matrix: 
002 | 000 | 000 | 
600 | 081 | 400 | 
003 | 206 | 010 | 
----------------- 
000 | 010 | 260 | 
100 | 030 | 007 | 
085 | 070 | 000 | 
----------------- 
090 | 508 | 600 | 
007 | 920 | 005 | 
000 | 000 | 900 | 
----------------- 
Difficulty metric: 
10
Solution matrix: 
812 | 354 | 796 | 
659 | 781 | 432 | 
743 | 296 | 518 | 
----------------- 
374 | 815 | 269 | 
126 | 439 | 857 | 
985 | 672 | 341 | 
----------------- 
291 | 548 | 673 | 
467 | 923 | 185 | 
538 | 167 | 924 | 
----------------- 
