Initial matrix: 
060 | 017 | 902 | 
000 | 000 | 600 | 
319 | 000 | 008 | 
----------------- 
008 | 060 | 070 | 
005 | 281 | 300 | 
030 | 040 | 200 | 
----------------- 
100 | 000 | 493 | 
003 | 000 | 000 | 
206 | 530 | 010 | 
----------------- 
Difficulty metric: 
10
Solution matrix: 
864 | 317 | 952 | 
572 | 498 | 631 | 
319 | 652 | 748 | 
----------------- 
428 | 963 | 175 | 
795 | 281 | 364 | 
631 | 745 | 289 | 
----------------- 
157 | 826 | 493 | 
983 | 174 | 526 | 
246 | 539 | 817 | 
----------------- 
