Initial matrix: 
070 | 000 | 082 | 
830 | 050 | 900 | 
000 | 000 | 700 | 
----------------- 
029 | 700 | 000 | 
006 | 503 | 200 | 
000 | 004 | 150 | 
----------------- 
008 | 000 | 000 | 
007 | 020 | 046 | 
390 | 000 | 020 | 
----------------- 
Difficulty metric: 
13
Solution matrix: 
975 | 431 | 682 | 
832 | 657 | 914 | 
641 | 982 | 735 | 
----------------- 
529 | 718 | 463 | 
416 | 593 | 278 | 
783 | 264 | 159 | 
----------------- 
268 | 145 | 397 | 
157 | 329 | 846 | 
394 | 876 | 521 | 
----------------- 
