Initial matrix: 
000 | 006 | 008 | 
004 | 700 | 026 | 
085 | 300 | 904 | 
----------------- 
591 | 034 | 000 | 
008 | 060 | 200 | 
000 | 870 | 395 | 
----------------- 
203 | 007 | 680 | 
810 | 009 | 400 | 
900 | 500 | 000 | 
----------------- 
Difficulty metric: 
9
Solution matrix: 
729 | 456 | 138 | 
134 | 798 | 526 | 
685 | 312 | 974 | 
----------------- 
591 | 234 | 867 | 
378 | 965 | 241 | 
462 | 871 | 395 | 
----------------- 
253 | 147 | 689 | 
817 | 629 | 453 | 
946 | 583 | 712 | 
----------------- 
