Initial matrix: 
200 | 000 | 400 | 
097 | 000 | 605 | 
000 | 806 | 000 | 
----------------- 
906 | 082 | 004 | 
000 | 000 | 000 | 
800 | 560 | 207 | 
----------------- 
000 | 905 | 000 | 
409 | 000 | 310 | 
003 | 000 | 006 | 
----------------- 
Difficulty metric: 
11
Solution matrix: 
268 | 159 | 473 | 
197 | 243 | 685 | 
345 | 876 | 129 | 
----------------- 
916 | 782 | 534 | 
572 | 394 | 861 | 
834 | 561 | 297 | 
----------------- 
681 | 935 | 742 | 
459 | 627 | 318 | 
723 | 418 | 956 | 
----------------- 
