Initial matrix: 
030 | 901 | 070 | 
000 | 307 | 600 | 
290 | 000 | 305 | 
----------------- 
000 | 030 | 802 | 
000 | 264 | 000 | 
302 | 070 | 000 | 
----------------- 
103 | 000 | 056 | 
009 | 603 | 000 | 
020 | 805 | 040 | 
----------------- 
Difficulty metric: 
10
Solution matrix: 
635 | 921 | 478 | 
814 | 357 | 629 | 
297 | 486 | 315 | 
----------------- 
471 | 539 | 862 | 
958 | 264 | 731 | 
362 | 178 | 594 | 
----------------- 
183 | 742 | 956 | 
549 | 613 | 287 | 
726 | 895 | 143 | 
----------------- 
