120400300300010050006000100700090000040603000003002000500080700007000005000000098
120300000340000100005000000602400500000060070000008006004200300000070009000009080
000000012000000003002300400001800005060070800000009000008500000900040500470006000
020050700400100006800003000200008003040020500000600010002090000090000005704000900
000000003001005600090040070000009050700000008050402000080020090003500100600000000
000000039000001005003050800008090006070002000100400000009080050020000600400700000
120300000400000300003050000004200500000080009060005070001500200000090050000007008
120300000405000600070000020600100300004530000000008009000450100000000080000002007
003006080000100200000070004009008060030040001070200000300005000005000600980000050
100000009006700020080000400000075030005002000060300000090000800600040001002500060
120300004350000100004000000005400200600070000000008090003100500000009070000060008
120300000340000100005000000602400500000060070000008006004200300000070009000009080
120400300300010050006000100700090000040603000003002000500080700007000005000000098
000000012000000003002300400001800005060070800000009000008500000900040500470006000
020050700400100006800003000200008003040020500000600010002090000090000005704000900
003000000400080036008000100040060073000900000000002005004070068600000000700600500
100050000007009030009007540004003070060000000090800000000790020000002403002000000
003000000400080036008000100040060073000900000000002005004070068600004000700000500
003000000400080036008300100040060073000900000000002005004070068600000000700000500
