Initial matrix: 
020 | 900 | 800 | 
000 | 008 | 672 | 
700 | 000 | 000 | 
----------------- 
000 | 095 | 203 | 
001 | 000 | 900 | 
603 | 420 | 000 | 
----------------- 
000 | 000 | 006 | 
386 | 700 | 000 | 
002 | 003 | 080 | 
----------------- 
Difficulty metric: 
13
Solution matrix: 
425 | 976 | 831 | 
139 | 548 | 672 | 
768 | 312 | 495 | 
----------------- 
874 | 695 | 213 | 
251 | 837 | 964 | 
693 | 421 | 758 | 
----------------- 
517 | 289 | 346 | 
386 | 754 | 129 | 
942 | 163 | 587 | 
----------------- 
