Initial matrix: 
904 | 806 | 510 | 
003 | 000 | 800 | 
701 | 900 | 000 | 
----------------- 
200 | 160 | 089 | 
400 | 070 | 001 | 
160 | 049 | 003 | 
----------------- 
000 | 002 | 306 | 
006 | 000 | 100 | 
012 | 607 | 905 | 
----------------- 
Difficulty metric: 
7
Solution matrix: 
924 | 836 | 517 | 
653 | 721 | 894 | 
781 | 954 | 632 | 
----------------- 
237 | 165 | 489 | 
495 | 378 | 261 | 
168 | 249 | 753 | 
----------------- 
849 | 512 | 376 | 
576 | 493 | 128 | 
312 | 687 | 945 | 
----------------- 
