Initial matrix: 
000 | 306 | 050 | 
300 | 080 | 009 | 
007 | 000 | 321 | 
----------------- 
104 | 073 | 085 | 
008 | 040 | 100 | 
590 | 860 | 702 | 
----------------- 
216 | 000 | 900 | 
400 | 010 | 008 | 
080 | 409 | 000 | 
----------------- 
Difficulty metric: 
7
Solution matrix: 
941 | 326 | 857 | 
352 | 187 | 469 | 
867 | 594 | 321 | 
----------------- 
124 | 973 | 685 | 
678 | 245 | 193 | 
593 | 861 | 742 | 
----------------- 
216 | 758 | 934 | 
439 | 612 | 578 | 
785 | 439 | 216 | 
----------------- 
