Initial matrix: 
009 | 100 | 070 | 
040 | 052 | 030 | 
300 | 000 | 006 | 
----------------- 
030 | 420 | 000 | 
090 | 000 | 080 | 
000 | 031 | 040 | 
----------------- 
900 | 000 | 001 | 
010 | 280 | 090 | 
020 | 004 | 500 | 
----------------- 
Difficulty metric: 
11
Solution matrix: 
689 | 143 | 275 | 
147 | 652 | 938 | 
352 | 798 | 416 | 
----------------- 
836 | 429 | 157 | 
491 | 567 | 382 | 
275 | 831 | 649 | 
----------------- 
964 | 375 | 821 | 
513 | 286 | 794 | 
728 | 914 | 563 | 
----------------- 
